32 32 32 32 32 32 32 32 32 32 32 32 32 32 32 32 32 32 25 22 22 22 22 22 22 22 22 22 22 22 22 22 22 22 22 26
32 32 32 32 32 32 32 32 32 32 32 32 32 32 32 32 32 32 19 17 14 14 14 14 14 14 14 14 14 14 14 14 14 14 18 20
32 32 32 32 32 32 32 32 32 32 32 32 32 32 32 32 32 32 19 11 10 10 10 10 10 10 10 10 10 10 10 10 10 10 13 20
32 32 32 32 32 32 32 32 32 32 32 32 32 32 32 32 32 32 19 11 10 10 10 10 10 10 10 10 10 10 10 10 10 10 13 20
32 32 32 32 32 32 32 32 32 32 32 32 32 32 32 32 32 32 19 11 10 10 10 10 10 10 10 10 10 10 10 10 10 10 13 20
32 32 32 32 32 32 32 32 32 32 32 32 32 32 32 32 32 32 19 11 10 10 10 10 10 10 10 10 10 10 10 10 10 10 13 20
32 32 32 32 32 32 32 32 32 32 32 32 32 32 32 32 32 32 19 11 10 10 10 10 10 10 10 10 10 10 10 10 10 10 13 20
32 32 32 32 32 32 32 32 32 32 32 32 32 32 32 32 32 32 19 11 10 10 10 10 10 10 10 10 10 10 10 10 10 10 13 20
32 32 32 32 32 32 32 32 32 32 32 32 32 32 32 32 32 32 19 11 10 10 10 10 10 10 10 10 10 10 10 10 10 10 13 20
32 32 32 32 32 32 32 32 32 32 32 32 32 32 32 32 32 32 19 11 10 10 10 10 10 10 10 10 10 10 10 10 10 10 13 20
32 32 32 32 32 32 32 32 32 32 32 32 32 32 32 32 32 32 19 11 10 10 10 10 10 10 10 10 10 10 10 10 10 10 13 20
32 32 32 32 32 32 32 32 32 32 32 32 32 32 32 32 32 32 19 11 10 10 10 10 10 10 10 10 10 10 10 10 10 10 13 20
25 22 22 22 22 22 22 22 22 22 22 22 22 22 22 22 22 22 40 11 10 10 10 10 10 10 10 10 10 10 10 10 10 10 13 20
19 17 14 14 14 14 14 14 14 14 14 14 14 14 14 14 14 14 14 44 10 10 10 10 10 10 10 10 10 10 10 10 10 10 13 20
19 11 10 10 10 10 10 10 10 10 10 10 10 10 10 10 10 10 10 10 10 10 10 10 10 10 10 10 10 10 10 10 10 10 13 20
19 11 10 10 10 10 10 10 10 10 10 10 10 10 10 10 10 10 10 10 10 10 10 10 10 10 10 10 10 10 10 10 10 10 13 20
19 11 10 10 10 10 10 10 10 10 10 10 10 10 10 10 10 10 10 10 10 10 10 10 10 10 10 10 10 10 10 10 10 10 13 20
19 11 10 10 10 10 10 10 10 10 10 10 10 10 10 10 10 10 10 10 10 10 10 10 10 10 10 10 10 10 10 10 10 10 13 20
19 11 10 10 10 10 10 10 10 10 10 10 10 10 10 10 10 10 10 10 10 10 10 10 10 10 10 10 10 10 10 10 10 10 13 20
19 11 10 10 10 10 10 10 10 10 10 10 10 10 10 10 10 10 10 10 10 10 10 10 10 10 10 10 10 10 10 10 10 10 13 20
19 11 10 10 10 10 10 10 10 10 10 10 10 10 10 10 10 10 10 10 10 10 10 10 10 10 10 10 10 10 10 10 10 10 13 20
19 11 10 10 10 10 10 10 10 10 10 10 10 10 10 10 10 10 10 10 10 10 10 10 10 10 10 10 10 10 10 10 10 10 13 20
19 15 12 12 12 12 12 12 12 12 12 12 12 12 12 12 12 12 12 12 12 12 12 12 12 12 12 12 12 12 12 12 12 12 16 20
23 21 21 21 21 21 21 21 21 21 21 21 21 21 21 21 21 21 21 21 21 21 21 21 21 21 21 21 21 21 21 21 21 21 21 24